Run semi-empirical minimization
 &qmmm
    qm_theory='AM1', grms_tol=0.0005,
 scfconv=1.d-10, ndiis_attempts=700,   qmcharge=-3,
 /
   8    O1       -3.7800       -4.8760      -20.2610 
   8    O3       -2.4500       -7.1680      -20.7530 
   8    O5       -3.5520       -7.1920      -23.2560 
   7    N1       -2.2480       -5.0920      -22.4140 
   8    O7       -3.1690       -6.8650      -25.4270 
   8    O9       -0.2770       -7.2800      -20.3010 
   8   O10       -3.2210       -2.7650      -19.8330 
   6    C2       -1.2250       -6.8010      -20.9090 
   6    C3       -3.1780       -3.7640      -20.5370 
   6    C4       -3.0790       -6.5180      -24.2600 
   6    C5       -2.4230       -3.7260      -21.8610 
   6    C6       -2.4220       -5.1830      -23.8920 
   6    C7       -0.9870       -5.7410      -21.9610 
   1   H52       -2.9850       -3.1220      -22.5740 
   1   H53       -1.4430       -3.2750      -21.7020 
   1   H62       -1.4470       -5.1150      -24.3750 
   1   H63       -3.0530       -4.3630      -24.2330 
   1   H72       -0.5050       -6.2050      -22.8210 
   1   H73       -0.3240       -4.9790      -21.5520 

