Run semi-empirical minimization
 &qmmm
    qm_theory='AM1', grms_tol=0.0005,
 scfconv=1.d-10, ndiis_attempts=700,   qmcharge=-2,
 /
   6   C1B       -1.9140       -6.8890      -23.4500 
   8    O1       -2.6210       -4.5320      -20.5050 
   6   C1A       -1.4120       -4.7730      -20.2510 
   7    N1       -1.8780       -7.1140      -21.0030 
   1    H1       -1.9230       -7.6880      -20.4440 
   6   C2B       -1.5210       -7.7620      -22.2690 
   1  H2BA       -1.9730       -8.6180      -22.3340 
   1  H2BB       -0.5650       -7.9250      -22.2910 
   8    O2       -2.6650       -5.9100      -23.2540 
   6   C2A       -0.8600       -6.1560      -20.5220 
   1  H2AA       -0.1550       -6.0890      -21.1860 
   1  H2AB       -0.4650       -6.5020      -19.7070 
   8    O3       -0.6210       -3.9250      -19.8260 
   8    O4       -1.4500       -7.2400      -24.5650 

